244859051723329536
223846893371928577
219949566269726720
258824555613786113
259079264450772992
259079402921541632
259214672476114944
259713305789202433
259867283873202176
260103478708404224
260519172671414272
260753899848359936
260613912876171264
262431801212010496
263441413423919104
263442192494903298
263721247819571200
264077365435584513
265621814829514752
265621814829514752
265933943767986176
266704168448827392
274559641852190720
275674122661531649
275950713492893697
276172797137543168
276424088770211840
277187625864028162
278272597291065344
278284157744988160
278322980612894720
278420002900680704
278300953000681474
280858040331296770
280909362225098752
281848618225373184
282651271616405504
291994828550569985
293092233341718528
294519856374616064
295983721180438528
296033947744337920
296395330654711808
296397572149501952
299606267629035520
306895231981350912
306893839552086017
308300435998011392
308628399637790721
310933775985045507
310854784796196864
311162708294782978
311176631660204032
314178222059307008
316303972661071873
326473759403945984
326786084958793729
328092431914500096
329293280942632961