244859051723329536
259064475498459136
259053070913253377
259052932832575489
259055951196327937
259056008691847168
259690457301385217
259693744360673280
259841118701748224
259852717919449089
259850139471081472
259842167915286528
259840681412026369
259866324723978240
259868689963302913
259858093473669120
259869553960570880
260085632632766464
260052044637954049
260099714756792320
260085863705374720
260054430718771200
260086889107836928
260086772237737984
260099322807472132
260083451200421888
260061370429616128
260103375658565632
260391549618229248
260372081273880576
260360116325457920
260502682849136640
260478432226471938
260507976912211968
260471155582976000
260512914245570561
260493542399557632
260517355518558208
260487141040218115
260500481682595840
260483215960178689
260482055396278273
260506149789528064
260518367046279168
260480847847763968
260515898350252032
260527331553181696
260534454261534721
260793791802404864
260848023058407424
261181107637219328
261263641339392000
261524513764810752
261588954225205248
261579647333056513
261537552186613761
261853246379937793
261843062043598848
261849671813697537
261866202782117890
261843972119486464
261885347389140993
261874183800254466
261860052846129152
261922780025589760
261924917975580672
262195569664081920
262197665511649280
262399152426721280
262382970579611648
262666040562049024
262927039479308288
262929809288622080
262939135591981056
263329283727060992
263320783596687361
263363360286973953
263300824233570304
263378174388367360
263419598853001216
263764785416519681
263752223606050817
264057982306893824
264053635493793792
264080320259846144
264144132581257218
264234140000452609
264155658599940097
264476329104248832
264510705519177728
264777614139473920
264695973450752000
265170328681058304
265247115121418240
265267724530360321
265531125374541824
265547497601130496
265609478307708928
265559959159332867
265831255130648576
265856895976341504
265892420959485952
265935281243443200
266243655986208768
266415508478369792
266377797310750721
266577899010805762
266556272948703232
266557745161973761
266625683017588736
266625387818270720
266634897676963840
266713414523555841
266714382787035136
266960902727823360
266967141620776961
267355385202106368
267361448567648256
267362441279725570
268106922480254976
268132227374804993
268397703967436800
268399819243016193
268470396871925763
268453324632756224
268772611926941696
268803088977117184
268793743509975041
268862618914148352
268828615234424833
269089913180401665
269101237364981760
269483679976419328
269478369664565248
270439158718275584
270368683824664577
270419685512736770
270429880812990464
270379100223467520
270606527029735424
270619989508239361
270906512157851649
270905716141862912
271108920012050436
271313079718002689
271328591386669056
273122734345695232
273081158814793729
273461982617808896
273494033261793280
273805560175013889
273857241365499904
274295110303354880
274368765104386048
274499311805546497
274539361176023040
274472009260470272
275629375423148034
275651941307133952
275651032061734914
275729841616203779
275685402357157888
275655467487879170
275680365883047936
275769252424843265
276129560213467136
276086438595006464
276121074398273537
276343962141351936
276369023384563712
276829623856271360
276827765418905600
277087899726532608
277098174848577536
277186652550623233
278160376179339264
278192606213730304
278192020806320128
278164512513871872
278202018731012096
278183853766635522
278167320524890113
278163936925335552
278257754190278657
278234861637095424
278198606022991873
278163923029606401
278200235031932928
278203244159840257
278183351188344832
278183535863541760
278464187380940801
279025622699868160
278972957857038336
279375500642762753
279345419274838016
280040241505660930
280011416122044418
280719574725439489
280718346884886528
280837321786523648
281086128122109952
281422418457796608
281443258603806723
281816508521390080
281825770878431232
282575678661079040
282591524871630850
286557347424399361
286442978212454401
286874374865293312
286846004404314112
287188019641974784
287235811173347328
288427590841155584
288414715321917440
288738182302941187
288752083295932416
289056438645559296
289059757065646080
289767283763580928
289767188343181312
290850985386078208
290855776006832129
291226677969817600
291233059485937664
291619551353901056
291623407093678080
291993074207440896
291963344087293954
293781343878406146
293739489275285505
294161339918729216
294168408994500609
294501829763547136
294507921910427649
294894707383885824
294914501109760000
295907161559691264
295910772255645697
296326818494029826
296350817282306048
296531566862151681
296579289611124736
297029430436577281
297046280461492224
297418029489340416
297364586884132864
297445969782513664
298480069800767489
298483546643906560
298841458931277824
298848549960040449
299534988007833600
299548541309833217
299903455840059393
299926064111681537
301039056094130176
301039790034395136
301386435351691265
301388308641099776
301752429798645760
301700582383689729
302127722484883456
302088597895524352
303546930322092032
303587834227482624
304389224000536576
304360308703653889
304691449251897344
306189007174377472
306174125880274945
306828690325651457
306830674743136256
307263611636695042
307198332244213760
307520223932727298
307573444940271616
308022013828689920
307982415987630080
308037041315262464
308022463252533248
308002093057314817
308017760846368769
308015183056486402
307998047277817856
308018386967859202
307992375970631680
308040744042643456
309060951594893313
309060297933598720
309711299615539200
309698949822943232
310089085068918784
310080124475297792
310813577864966144
310825234850791425
310820118592634881
310814241596792833
310835229914984448
310818917180379136
310813941628542976
310819621475332096
310826632413843456
310820308649144320
310833684766916608
310813606801453057
311901141694812162
311892880774025216
312239762121568256
312221018091569152
312557770605989888
312587834374639616
313738143432060928
313744813742772225
314043049246351360
314213523024654338
314424438919663616
314437306436177921
314478912925212672
314475075095117825
314740086078054401
314787484607324160
314905687203393537
316601188437078018
316941772783759361
316957575503552512
317279913235324928
317309445082345472
317696002360492032
317694859806916610
317741729782579200
317757648089001985
318759522623696897
318770544478670850
319118869182681088
319118972719079424
319486938744758272
319506361576742913
320270668170158080
320315641741582336
321311362133397505
321328068994142208
321724962622816256
321707662490345472
322014563841216514
322028175548895232
322450379491131392
322447058260873217
323856829337726976
323864743943208960
324191808018059264
324189367134478336
324621599594643457
324599629679312896
324930044306784256
324925685435088899
325293757727645696
325289004322930688
326460196840955905
326467109074919424
326755649964892161
326765757851639808
326761729436577792
327186307552010240
327223685708648449
327470567164887040
327469634875949056
327807557773168640
327808773802561536
328924532826066945
329286983019016192
329285405922963456
329675638459990016
329677212414537729
330021654556188672
330023429547900931
330508396933562369
330520356429393920
331550184578359296
331565903911202818
331823176050962432
331817851277152257
332191920128421889
332194629485199360
332534096024723456
332540171704733696
332921427311345664
332913724178436096
334011498294820865
334008881284001793
334712043083026433
334712330002771968
335472507635257344
335476236367314946
336520162582867969
336527157784371200
336967323447607296
336920330591432705
337213706129768450
337225381792845825
337626011359387648
337624106071638017
337953928610185216
337983766674960384
339422413081153536
339443568232001536
339770974213906432
339630062636773376
340234693318414337
340143379771977729
340543863993298944
340574022024691712
341686162747965440
341691935808946177
341951565994815488
341967525040508928
342318470869970944
342301785416937472
344210581085110272
344210003453939712
344525932981260288
344490799343489024